Z14=0+1i*0.0576;
Z27=0+1i*0.0625;
Z39=0+1i*0.0586;
Z45=0.01+1i*0.085;
Z46=0.017+1i*0.092;
Z57=0.032+1i*0.161;
Z69=0.039+1i*0.17;
Z78=0.0085+1i*0.072;
Z89=0.0119+1i*0.1008;

Y78=0+1i*0.0745;
Y89=0+1i*0.1045;
Y57=0+1i*0.153;
Y69=0+1i*0.179;
Y45=0+1i*0.088;
Y46=0+1i*0.079;

Y=[1, 0, 0, 0, 0, 0, 0, 0, 0;
    0, 1/Z27, 0, 0, 0, 0, -1/Z27, 0, 0;
    0, 0, 1/Z39, 0, 0, 0, 0, 0, -1/Z39;
    -1/Z14, 0, 0, 1/Z14 + 1/Z45 + 1/Z46 + Y45 + Y46, -1/Z45, -1/Z46, 0, 0, 0;
    0, 0, 0, -1/Z45, 1/Z45 + 1/Z57 + Y45 + Y57 , 0, -1/Z57, 0, 0;
    0, 0, 0, -1/Z46, 0, 1/Z46 + 1/Z69 + Y46 + Y69, 0, 0, -1/Z69;
    0, -1/Z27, 0, 0, -1/Z57, 0, 1/Z27 + 1/Z57 + 1/Z78 + Y78 + Y57, -1/Z78, 0;
    0, 0, 0, 0, 0, 0, -1/Z78, 1/Z78 + 1/Z89 + Y78 + Y89, -1/Z89;
    0, 0, -1/Z39, 0, 0, -1/Z69, 0, -1/Z89, 1/Z39 + 1/Z69 + 1/Z89 + Y89 + Y69];

